"","Estimate","StdErr","t.value","p.value","Q2.5","Q97.5"
"(Intercept)",0.00676295195333795,0.0315894790930931,0.214088745604439,0.830714912473113,-0.0551524270691244,0.0686783309758003
"mean.beak.size.pc1",-0.00278135236993908,0.00333620275585463,-0.833688050001801,0.405537742067754,-0.00932030977141416,0.00375760503153599
"mean.Tarsus.Length",0.0128427169339854,0.00407245025004992,3.15356017764193,0.00188392693794285,0.00486071444388751,0.0208247194240832
"mean.Wing.Length",-0.00155091831873436,0.00383927224479105,-0.403961537460276,0.686710115257687,-0.00907589191852482,0.0059740552810561
"mean.Hand.Wing.Index",0.00299612602758309,0.00217328307425473,1.37861747651558,0.169686513285774,-0.00126350879795619,0.00725576085312236
"mean.Tail.Length",0.00164639668543121,0.00283125482038044,0.581507773012808,0.561609982139546,-0.00390286276251445,0.00719565613337686
"mean.Mass",-0.000810568768228603,0.00273939760648553,-0.295893070180677,0.767645414077224,-0.00617978807694024,0.00455865054048304
"mean.Habitat.Density",0.00723222647522363,0.00406740412958716,1.77809390087768,0.0770399215789394,-0.000739885618767199,0.0152043385692145
"mean.Migration",0.000639871978616617,0.00317648390807715,0.201440333756942,0.840576798266003,-0.0055860364812146,0.00686578043844784
"mean.Brain.Mass..g.",0.00508301901684771,0.00362595007024004,1.40184473541612,0.162646276140763,-0.00202384312082276,0.0121898811545182
"mean.clutch.size",-0.00212642652153177,0.00287359028067129,-0.739989460513843,0.460249510793112,-0.0077586634716475,0.00350581042858396
"mean.Maximum.longevity",-0.000610768064170071,0.00628355324706546,-0.0972010644543057,0.922672518091166,-0.0129265324284184,0.0117049963000782
"mean.GenLength",-0.0113447028148577,0.00756823461444051,-1.49898931425984,0.135590134633348,-0.0261784426591611,0.00348903702944565
"mean.Range.Size",-0.000415334835614146,0.000886901044705137,-0.468298958597157,0.640125080460247,-0.00215366088323622,0.00132299121200792
"mean.Annualtemp",5.77582809121305e-05,0.000209833783778766,0.275257300669118,0.783427420168048,-0.000353515935294252,0.000469032497118513
"mean.AnnualPrecipitation",-0.00074447041691279,0.00240967606632781,-0.308950413425202,0.757708787371918,-0.00546743550691529,0.00397849467308971
"mean.Abundance.estimate.1.1.matched",-0.000483715320256598,0.000527217343089759,-0.917487496564098,0.360088274239729,-0.00151706131271252,0.000549630672199329
"mode.HabitatDesert",-0.0159710521300124,0.0166522862964945,-0.959090652517456,0.33877163422345,-0.0486095332711415,0.0166674290111168
"mode.HabitatForest",-0.00939704212409653,0.0109811064673294,-0.855746381482982,0.393251060597198,-0.0309200108000622,0.0121259265518691
"mode.HabitatGrassland",-0.018608508402202,0.0105985269838905,-1.75576364814531,0.0807927134247367,-0.0393816212906273,0.00216460448622328
"mode.HabitatHuman Modified",-0.00812185371091291,0.0118242436309955,-0.686881458499609,0.493022201949257,-0.0312973712276641,0.0150536638058383
"mode.HabitatMarine",6.52478138046297e-05,0.0116598757090804,0.00559592704352901,0.995541181902126,-0.0227881085759929,0.0229186042036021
"mode.HabitatRiverine",0.00361128991087567,0.0131202548228392,0.275245409455714,0.783436541082088,-0.0221044095418891,0.0293269893636405
"mode.HabitatRock",-0.0181033088152772,0.0133205228778466,-1.35905391862544,0.175792984551004,-0.0442115336558565,0.00800491602530208
"mode.HabitatShrubland",-0.0123273444900948,0.0107293102290346,-1.14894100617351,0.252071656642913,-0.0333567925390026,0.00870210355881305
"mode.HabitatWetland",-0.00886576390728432,0.0104590548053824,-0.847663968901077,0.397726410565783,-0.0293655113258338,0.0116339835112652
"mode.HabitatWoodland",-0.0120383931855618,0.010800956417122,-1.1145673328038,0.266489575725908,-0.033208267763121,0.00913148139199743
"mode.Primary.LifestyleAquatic",-0.00379909842069168,0.00724154676576574,-0.52462526910022,0.600475196702699,-0.0179925300815925,0.0103943332402092
"mode.Primary.LifestyleGeneralist",-0.0182752799368748,0.0078464662833237,-2.32910959876495,0.0209391592905389,-0.0336543538521892,-0.00289620602156035
"mode.Primary.LifestyleInsessorial",-0.00850163455933397,0.00662899906773814,-1.28249143987809,0.201283625841539,-0.0214944727321007,0.00449120361343278
"mode.Primary.LifestyleTerrestrial",-0.0119052207292821,0.00676119718349145,-1.76081548965184,0.079930864049907,-0.0251571672089254,0.00134672575036112
"mean.Latitude.span",5.45391264205978e-05,0.00199381702786078,0.0273541281163168,0.978206929918104,-0.00385334224818654,0.00396242050102773
"mean.Centroid.Latitude",-0.00056699227146163,0.00134590972042757,-0.421270656460901,0.674049146079551,-0.00320497532349967,0.00207099078057641
"mean.Centroid.Longitude",2.90043792179849e-05,1.35344882466145e-05,2.14299785034281,0.0334268887083284,2.47678225462048e-06,5.55319761813494e-05
